sample-000004 12299 17286 305 14024 3807 9374 6249 12339 12551 
sample-000005 3807 9379 11994 4545 
sample-000008 27050 24169 10518 29548 26609 8220 27088 24034 1201 19396 29548 18376 27060 2526 29777 
sample-000009 27050 26511 27385 26711 27037 12601 27185 12558 955 24042 6306 
sample-000013 13313 27180 6978 28913 10086 18229 27050 19396 11994 1364 13100 305 1798 
sample-000020 5436 12678 225 19092 18229 27567 19154 28661 24414 1201 19918 17408 
sample-000021 17757 14106 25520 9664 27037 16007 14145 20230 27385 542 6743 3838 225 16043 
sample-000022 27050 3299 11994 16643 27050 224 
sample-000029 29416 11523 18552 22782 
sample-000034 13053 29278 23685 27037 16129 6327 2560 29416 11272 27234 
sample-000041 13053 8142 14789 29614 27385 11418 
sample-000045 13053 29343 23385 24451 15506 17852 27340 1201 11446 18560 1201 6559 27050 3449 27385 27050 23406 
sample-000046 29416 17420 2457 11477 
sample-000052 12299 17625 24948 27385 26617 27385 12551 24828 1676 27385 2001 27141 305 27050 20229 18229 29287 
sample-000053 1018 9374 30166 25119 25091 
sample-000054 27050 29680 29343 14986 22393 
sample-000056 29617 27050 18299 11425 
sample-000057 2560 11919 29548 13993 1607 11994 27385 12586 27237 3675 1802 8570 18537 1201 11975 20061 27550 30166 30166 11994 27385 24451 18560 28564 27050 17757 29287 
sample-000058 14145 29343 27050 27340 18229 6971 29610 955 25071 15291 8504 27050 26167 
sample-000059 27088 29548 17258 13313 27050 7949 
sample-000060 9488 30166 10567 29583 
sample-000061 30142 13053 29163 30166 10614 10567 27050 24967 4510 
sample-000066 14145 29343 224 12174 17852 5174 13313 27050 24545 17946 225 224 
sample-000067 224 5372 4045 2457 27340 5919 
sample-000068 13127 27037 11934 224 
sample-000070 23123 17439 8310 18229 2517 225 25407 224 17710 12156 
sample-000073 7607 24042 11994 22432 1552 9877 2587 224 27385 16417 29630 29343 9759 
sample-000074 13055 2457 2093 13313 225 16879 
sample-000080 28105 17170 17132 19154 13313 27050 24169 3547 16127 6745 23067 13313 27050 6624 24169 
sample-000082 1802 15165 24042 14797 12874 27385 2581 1802 10948 
sample-000083 15660 1802 27050 20056 13053 11151 12551 
sample-000085 13053 11523 27385 224 2877 18336 17439 224 1201 27107 12998 
sample-000091 29583 225 3222 955 27037 
sample-000094 29416 4046 15291 27050 4876 11272 27050 15048 18336 28661 
sample-000098 224 14106 12586 17209 14106 27385 3966 27066 
sample-000100 3807 224 27134 27235 27050 26914 
sample-000102 27107 29548 13313 1169 13201 23919 26314 3838 27190 18229 19396 25122 25808 14967 
sample-000110 13313 24937 19835 27050 11800 29343 6327 29847 225 25016 18229 8336 28585 224 
sample-000111 27040 29699 13053 29343 23846 8220 12453 
sample-000113 29669 5414 27385 225 27589 18356 27385 10200 225 29885 29669 6252 224 12586 8310 
sample-000115 10567 24937 21556 29416 29548 224 
sample-000117 3807 30166 1552 13313 27050 7411 
sample-000119 26278 14145 9793 224 15012 
sample-000123 955 27050 14412 12299 11994 23704 27037 17174 11994 26111 7755 
sample-000128 13053 11523 8409 30142 1201 27185 13053 3653 225 26217 5657 
sample-000129 12299 29343 13202 9475 1802 27050 17713 23067 
sample-000130 28679 25894 15606 14106 11191 27037 13100 3807 22276 28669 27385 18560 18229 14145 
sample-000132 12302 12678 6076 7694 
sample-000135 12299 29357 11523 13313 225 14734 10567 12586 2865 
sample-000136 27050 4424 5004 13313 29941 
sample-000139 29416 29280 27385 23775 12551 15994 224 27385 17680 14378 
sample-000142 224 
sample-000145 10086 19396 224 
sample-000149 18031 15168 28661 1021 23141 27050 3299 27385 27050 30173 1517 
sample-000152 13056 17982 12280 1380 27050 3299 1296 
sample-000153 225 14986 20194 18229 27050 6777 11994 2539 224 
sample-000155 14149 17982 29583 9111 16566 17274 27040 9390 23141 27050 224 
sample-000159 27050 10256 23015 18229 8142 10136 5187 14106 15292 26617 305 14145 
sample-001766 27050 16565 18229 27050 7411 29740 1031 9848 29847 27037 29768 
sample-001769 10205 13127 13053 24451 8220 
sample-001771 24957 27050 16331 29847 6831 
sample-001772 13053 14789 29583 14149 11446 27385 2457 15408 
sample-001781 27074 14145 2508 225 24334 18229 6903 
sample-001783 30166 14789 26848 30166 13127 13053 11994 14145 
sample-001785 27050 1802 27060 9718 11414 18336 12586 9750 
sample-001786 29610 13053 11994 17439 24057 13053 29343 12166 1201 13053 15915 27180 1616 16417 12166 
sample-001789 13127 18356 29416 6249 23685 14145 
sample-001795 13053 11994 23704 955 27037 14145 30000 20492 3471 16417 
sample-001799 14145 29343 224 1201 21332 8220 18336 27050 24303 
sample-001803 12299 29239 24664 27234 27050 16188 
sample-001807 27074 24042 27385 3231 18229 12586 12123 13313 12470 1201 2566 21191 27385 20324 
sample-001808 14145 29343 22704 24664 13313 18898 18560 18229 27050 6777 
sample-001811 15734 14106 27050 10575 27037 27702 1201 13305 27050 24908 18229 27050 29971 
sample-001813 29416 8142 14789 29587 13313 27050 5773 27131 8046 30166 
sample-001820 13053 14500 14789 27037 27050 27643 14106 1079 22661 
sample-001824 27050 10256 28105 18229 8142 10136 5187 14106 15292 26617 305 14145 
sample-001826 1018 9374 12453 25119 25091 
sample-001830 24937 10794 18651 27050 22791 
sample-001837 3807 27107 21540 8142 14789 29583 27111 23345 
sample-001845 27111 17982 224 13313 27050 7949 
sample-001850 28105 8220 
sample-001851 29583 12275 2539 17757 27385 12551 10288 16881 806 29343 18031 1802 27050 18537 24303 
sample-001854 14145 29343 224 16185 29847 27745 25899 1201 24627 10346 10858 27050 19440 22940 
sample-001859 29583 27107 29280 
sample-001875 14145 23700 26099 225 15542 27131 24828 3461 1201 24680 1201 25692 
sample-001877 17439 17450 12341 17994 18229 15394 
sample-001883 27040 29583 13053 29343 23846 8220 10567 
sample-001892 13055 11272 14145 10567 30166 
sample-001899 13127 13053 6249 13054 22633 225 12907 8998 14500 305 27050 29941 15775 1201 5294 
sample-001901 16366 14145 29343 2510 27107 17286 1616 24828 17312 
sample-001907 10858 12453 18336 30168 2457 1021 27050 224 23141 
sample-001908 27050 10256 23015 18229 8142 10136 5187 14106 15292 26617 305 14145 
sample-001915 10858 225 27484 14149 29254 18341 4045 4351 225 11383 18229 758 
sample-001917 15711 18229 19835 23775 224 12453 224 23141 
sample-001918 27050 224 18229 11131 4005 18560 27579 28661 
sample-001920 3807 14500 2560 15817 225 3299 25759 13313 10860 18229 27050 24169 
sample-001925 305 27340 29583 13127 30166 15660 14644 23141 
sample-001926 27158 14106 10567 30166 
sample-001927 955 27134 1552 18341 27050 18299 16043 11994 23141 
sample-001930 13053 12341 225 19298 12944 25024 10858 27050 19805 
sample-001935 27050 7411 7607 17624 27385 12551 10567 225 10086 17070 
sample-001938 27400 13053 28304 24956 13053 7611 23685 2560 9365 2966 13138 2516 225 6718 
sample-001939 14145 29343 224 12832 29343 225 5174 13313 27050 24545 17946 3404 18229 29768 
sample-001944 27050 3299 14762 225 15706 18229 19396 13313 27050 4966 
sample-001948 27050 27185 11994 4495 224 27385 22905 
sample-001949 29610 12299 23332 12434 13313 12586 11103 12299 3970 18651 27050 10040 1201 15915 12558 28311 
sample-001952 30166 7611 17624 27385 23695 18560 27050 18299 29885 10567 27158 
sample-001953 29587 30166 11272 13951 27050 7411 27180 14789 11446 2093 23141 27050 224 8366 
sample-001959 17852 2446 24345 18437 5544 27385 25535 18229 27050 1648 14106 20898 
sample-001963 27040 29583 16007 14145 224 
sample-001974 30166 24215 23685 27050 18537 11934 25142 12874 11477 1802 10139 16417 14106 
sample-001979 12299 1485 27050 16268 1201 29343 26304 27385 27050 24480 27050 24010 
sample-001981 27050 25071 25552 21267 2752 7607 7607 27050 13835 20514 29413 10858 27050 224 9796 
sample-001984 27050 11477 27134 1552 5436 27107 29740 2457 19936 26303 23141 27050 3851 
sample-001986 12302 225 27736 18269 2510 9365 12166 19513 1703 27234 
sample-001991 14145 29343 13281 27385 22079 955 27050 7465 224 1169 12843 
sample-001994 29583 18341 10209 14106 15915 18229 19315 15297 14147 18031 224 
sample-001995 13056 11446 18229 29408 12299 23141 
sample-002000 27050 3299 305 27050 12138 14106 1031 2189 1802 27050 224 6954 
sample-002006 18031 13053 30000 224 18232 27385 224 
sample-002008 27092 29889 1552 955 12174 4602 25692 2457 26114 
sample-002012 30166 24137 18336 
sample-002015 12299 4046 1802 27050 29783 1201 2566 27385 21482 6265 27050 7995 25781 12299 11994 2539 27424 
sample-002019 13053 29280 18229 3231 15013 
sample-002020 27050 15504 29343 10837 15114 9666 
sample-002035 27050 15576 1201 11458 224 29548 28669 27385 12138 18560 224 25552 
sample-002043 18341 4045 13180 27105 28105 6327 29847 23226 23033 28585 27050 15542 25854 13313 27050 3461 26199 
sample-002044 305 12874 29432 30000 30166 23341 
sample-002046 29416 15291 27050 224 1201 29225 18651 27385 12586 12849 
sample-002047 27050 27207 10017 224 
sample-002049 13056 225 24849 10567 27158 6283 
sample-002054 17852 27050 224 1296 
sample-002062 12584 27385 19518 27665 16002 18341 18229 27066 27663 27050 18537 18341 
sample-002071 27050 24902 14145 7611 9829 
sample-002074 27037 10189 27050 16601 1425 1201 1703 27050 3299 27050 24047 27185 24057 
sample-002077 15408 12586 2498 
sample-002079 13053 12758 14145 29967 
sample-002081 13053 8142 14789 29669 1368 28667 1372 
sample-002082 24045 11477 9090 10567 16417 
sample-002083 224 2914 224 
sample-002084 30166 10136 14145 6751 
sample-002085 29416 4495 224 14219 
sample-002087 27050 26970 29343 20230 
sample-002089 13053 12341 225 9798 17287 28267 17439 10008 
sample-002090 13056 27964 27385 27136 18229 24956 2560 11442 27234 305 27158 11272 18893 
sample-002094 27050 3299 2566 27385 7645 13951 27050 8476 
sample-002096 27111 17982 224 10200 27050 29775 
sample-002097 14149 27941 27037 9379 12234 14165 7450 3807 18341 6971 27037 7450 29740 2457 21533 
sample-002101 29670 30166 23341 29343 11473 11272 12551 
sample-002102 12874 8046 30166 29583 
sample-002104 30166 2730 26601 14145 8616 
sample-002110 13055 14500 11418 28636 1201 23815 14145 18651 29847 225 224 
sample-002113 16366 17852 18341 12453 14797 29583 1169 224 14106 
sample-002122 15291 16417 25119 27385 12444 
sample-002124 27050 224 12158 27050 29331 18336 12444 12864 2093 
sample-002125 24042 11994 17852 26863 
sample-002128 12299 8322 13313 12586 1519 5171 18229 224 29583 9257 10567 27158 6971 
sample-002136 27050 17102 15050 29610 12299 23332 16417 5414 2093 13313 26724 
sample-002138 27050 8389 14145 29557 9322 
sample-002151 21508 2735 27050 15465 22276 28307 
sample-002152 27050 224 22106 27050 18947 10858 27050 10228 1201 23141 27385 7059 27385 6080 
sample-002156 762 30051 305 22221 18341 24215 21926 14180 24948 22377 
sample-002158 13054 12864 13313 10567 27050 29971 
sample-002165 18336 27050 10256 6971 12299 22500 29847 225 21247 1201 18336 27050 23642 29847 28105 2860 
sample-002166 224 22661 
sample-002167 13053 17420 12275 9832 29447 29343 24464 18651 27088 
sample-002168 13053 12644 20288 18229 15375 1201 7019 10567 9365 19513 13053 26601 29847 16417 
sample-002170 12302 11800 9921 29343 225 24757 
sample-002173 13053 10029 27037 24044 8220 17439 10205 
sample-002177 27107 10647 224 27037 1552 29054 225 16768 1201 225 12027 2019 
sample-002181 27107 224 18798 28105 18341 18229 27066 29343 27469 
sample-002184 19938 2596 16037 2093 
sample-002185 14145 15662 15408 225 23053 11127 10398 
sample-002190 15980 6708 12551 
sample-002192 24828 29583 8046 30166 29280 18229 16417 27050 26177 18554 
sample-002196 8142 30166 28304 10798 
sample-002200 30166 14789 29583 13053 16427 
sample-002204 14106 14145 29343 225 19025 18229 27050 16665 
sample-002206 29630 18341 18229 27105 16043 14106 14145 
sample-002216 17439 17501 25119 6964 
sample-002219 14145 29343 27340 2735 9963 224 
sample-002220 27050 5666 224 30166 12275 11523 27050 224 27050 12361 1201 27074 
sample-002221 24962 27092 14500 17852 29408 27385 12644 2093 27050 22721 
sample-002222 29610 30166 1552 15735 30166 4045 8046 1380 13313 6437 
sample-002226 1201 30166 14789 29583 14106 29537 1676 13053 8046 
sample-002228 13053 27185 305 27050 7642 18229 27719 27037 16748 225 29831 
sample-002232 27107 10623 27037 29440 6121 1201 13053 1201 12275 27060 18790 7450 14106 27385 10000 
sample-002237 12299 224 24471 24057 29847 30166 
sample-002241 27088 29343 28913 15542 26620 
sample-002242 13053 12275 11994 27050 23208 8310 28085 12299 23141 
sample-002245 27074 26111 12299 17999 14145 27385 25520 
sample-002246 13127 13053 11994 27424 30166 30166 30003 12275 23704 27050 21102 
sample-002248 14149 4067 18031 18336 15648 7949 10858 29355 
sample-002250 14149 24379 25781 
sample-002252 224 27088 224 1676 27340 
sample-002255 305 8825 13053 29230 2093 27385 17439 12678 13313 224 2510 17994 24991 2457 12159 
sample-002257 27050 3299 29343 26304 1201 27074 14098 
sample-002263 29146 29343 14145 27037 12299 29282 27050 3299 27050 23898 14106 13779 
sample-002264 17852 18341 18893 1364 1856 27385 27050 27469 224 
sample-002267 224 10567 27050 9129 6971 
sample-002271 12299 6252 12275 2539 30055 
sample-002272 1201 27050 15121 20240 1596 23815 14797 1802 27050 10843 18229 27050 11808 
sample-002275 13053 224 23550 16748 2457 1959 
sample-002277 27037 11523 27385 2457 11215 27385 24451 16417 
sample-002283 12299 1018 2566 27385 26848 305 12586 27781 3807 7060 17982 27385 8046 24828 
sample-002290 14145 17420 2457 24937 14689 18229 773 
sample-002292 12299 29343 9475 1201 1802 27050 23208 27340 1169 8616 16366 27050 11328 11994 1031 10631 12551 
sample-002299 13056 755 27037 13127 17439 8310 14106 21532 11975 12275 17852 21556 27385 11418 18336 15559 
sample-002301 27050 224 14106 9877 27469 12832 10567 224 
sample-002304 27107 224 5867 1201 20782 1201 29546 18232 2093 27385 27050 27589 773 27385 11272 12418 
sample-002307 27158 21088 16417 13313 225 19298 12655 
sample-002309 15408 9370 15158 12299 23141 
sample-002313 29587 6889 
sample-002316 14145 29343 225 224 29673 224 6249 14666 225 19513 13313 16881 
sample-002327 30144 8570 10029 12586 12347 2483 225 2874 9914 
sample-002331 13053 27136 27024 4924 225 3461 16649 24235 2735 27050 27484 1201 27050 3078 18229 27050 6777 
sample-002337 27088 29357 17312 13247 27385 10220 1537 22816 
sample-002338 12586 24908 17420 2457 28105 20589 27385 28304 18229 27134 12299 27185 
sample-002339 17439 17209 14500 3970 30166 
sample-002341 224 14106 17982 225 20743 14967 
sample-002361 27158 17439 15012 4536 
sample-002371 12299 11994 26111 22080 27037 13951 224 27088 29343 1169 18299 29885 29669 13917 8314 
sample-002372 18336 27050 10256 6971 12299 22500 29847 27050 21250 1201 27074 27050 23642 29847 26515 2857 
sample-002377 13053 29280 225 10426 
sample-002380 224 29343 18336 10228 1201 30166 6249 23685 225 27129 3032 24720 22704 28585 24664 
sample-002381 29416 15168 27452 2560 24969 29343 27050 224 18356 22382 
sample-002385 1201 29583 8046 30166 13313 23170 12299 13718 
sample-002397 1201 27452 12586 9027 30000 1036 2457 10567 27037 24828 
sample-002408 27034 10567 8387 1616 
sample-002425 30181 13005 17420 12275 2539 13313 225 11692 12995 
sample-002427 29537 27074 29699 8046 29416 17624 955 27105 3167 27050 3299 1703 
sample-002433 24962 27060 4162 27037 29847 1288 
sample-002436 1288 27842 27050 3299 27185 
sample-002440 17852 21556 18336 8597 29699 30166 24215 
sample-002441 305 8825 13053 29225 2093 27385 17439 12678 13313 16361 2709 2510 17994 23700 27385 2457 12159 
sample-002444 12874 21206 14145 2457 955 21206 
sample-002445 12299 21372 12586 10212 24664 18437 27050 25744 23839 27088 224 10003 27060 26283 
sample-002452 13058 13313 4251 9374 27385 6000 27060 29094 27385 20762 5487 29094 
sample-002460 12302 13695 18437 8409 18437 24956 
sample-002461 18273 16043 13053 22498 27385 27050 5487 27050 24969 29343 23919 
sample-002465 13053 29280 27385 8046 29583 13053 29280 27385 8046 
sample-002469 15663 27234 27050 26839 13053 23332 225 4924 18229 27050 3032 1201 27050 15542 22940 19850 
sample-002470 14145 29343 25808 10567 27158 24042 30000 3838 10088 29909 29847 12586 224 10825 10340 12453 13313 27050 27484 
sample-002471 13053 7611 9832 
sample-002473 12299 29343 18307 1201 29343 4267 225 24680 3597 
sample-002475 1144 27105 19396 29548 225 6293 18229 224 225 11106 8550 8940 24962 1201 225 11328 4267 225 2074 
sample-002479 14577 224 
sample-002480 27050 20046 10189 16051 27385 11272 12551 18560 18229 27050 19060 
sample-002487 17439 9921 10017 13313 15734 29847 12551 
sample-002489 13053 6252 29944 13313 27050 4966 
sample-002495 27050 18308 1859 224 9650 29343 6063 27050 14497 
sample-002496 1676 24991 1676 12299 24902 16417 18341 5180 224 27385 2457 27385 5414 27066 
sample-002504 13313 1364 4294 14149 11477 27037 30170 15734 27037 9379 3838 14145 12234 14165 20565 
sample-002510 1201 13053 11418 18031 
sample-002511 28092 1552 14796 27385 2515 10696 
sample-002513 1676 14280 29225 8220 27050 13055 24042 29282 13127 24042 11994 15915 225 16953 
sample-002514 29583 1552 30166 8102 1616 12453 
sample-002515 13056 27964 27385 9607 27385 17439 17209 12874 27385 11272 19703 18232 12444 19629 
sample-002521 18273 18229 6304 14145 26700 
sample-002527 27050 14180 11994 21088 1201 24828 27037 27050 3299 
sample-002529 14145 21465 16043 224 
sample-002533 13056 12982 29847 17439 9825 27050 224 1296 
sample-002534 24937 18229 27050 11682 1683 29343 9834 18232 27050 4930 8667 
sample-002537 1552 30166 14789 24042 7611 
sample-002539 3807 15703 224 224 
sample-002543 30166 12275 12420 16417 27050 16043 5970 27385 20450 14106 26511 23341 17994 
sample-002544 27401 29971 14106 10912 5464 
sample-002546 27107 11994 11470 2019 27385 3392 1802 224 12849 
sample-002549 28564 27074 12299 11994 5856 27050 224 27385 2457 27134 18229 27158 29971 
sample-002554 1676 29343 16458 10567 27050 16601 
sample-002558 29587 11446 18336 12453 
sample-002562 13053 12250 27385 27136 27037 13053 29740 12275 27385 15168 3807 13053 11872 27040 17982 21540 28585 27385 16417 
sample-002569 27050 3299 29343 23141 23685 27050 27385 27050 27107 
sample-002578 1201 12299 11272 27385 21501 2019 
sample-002580 29587 24828 7380 305 27037 
sample-002590 27050 27125 29357 27088 1201 27050 18793 18229 3547 12551 225 6679 18229 26739 
sample-002592 2510 30166 14789 12874 20072 1552 
sample-002597 27050 3761 10228 11994 2539 224 
sample-002603 13313 18458 27385 10200 27050 27781 30168 12275 27385 10525 27050 224 
sample-002606 27050 25582 10685 10752 16009 224 25029 27040 24033 27050 24347 18229 27050 7411 
sample-002611 14145 29343 27050 18299 16043 29669 25277 10256 
sample-002612 1201 30166 27436 11994 2539 15915 3838 27050 13217 18229 27050 20704 26848 
sample-002613 27050 4162 2566 27385 27764 6971 1201 17794 
sample-002614 1201 13053 14762 17994 305 15734 
sample-002627 27158 29343 27050 25813 18229 955 27134 27037 9360 4005 27385 8597 10858 18579 25071 
sample-002629 27037 6946 16601 11151 27050 3299 19481 27385 2539 27037 25252 
sample-002640 29420 25692 11523 28105 3167 15196 
sample-002647 30166 4045 6265 18336 16417 1201 27050 18341 5718 
sample-002653 13053 27185 305 29627 18229 29416 24215 10200 5299 17016 13313 14145 1201 24828 18336 
sample-002658 955 27107 29282 29343 10540 1201 29377 
sample-002662 27158 14106 4868 9346 
sample-002669 27074 29673 27158 18341 
sample-002671 27050 10189 27050 16601 1425 1201 1703 27050 3299 27385 24058 10700 24057 
sample-002672 14145 29343 1018 1676 13127 12444 15375 11994 2539 7215 
sample-002673 27050 14797 29583 18299 1616 27050 29290 
sample-002676 12027 1169 12843 15029 12586 24224 12601 24956 24918 
sample-002677 13053 11994 9798 17287 28267 17439 10008 
sample-002678 24962 14149 27038 2457 29847 27050 24057 29669 8142 23341 1380 
sample-002680 14145 14106 13058 27050 3299 1296 
sample-002683 13053 12341 225 9798 17287 28267 17439 10008 
sample-002686 24937 8046 5414 2093 
sample-002688 24956 3461 21832 10858 12586 4706 29343 26099 13836 27037 27050 3299 29343 17069 2971 
sample-002689 13053 27185 27461 13054 21086 16935 4265 27088 
sample-002691 3807 30166 29740 15734 12444 1201 24044 22498 30181 15734 
sample-002693 9389 29419 27050 10700 24828 
sample-002694 1201 13056 755 29416 29282 2093 
sample-002696 17439 29720 20019 18560 27385 16417 27050 224 18229 27050 21716 11710 1201 30131 24334 15404 
sample-002697 224 17982 18336 27050 11135 18229 27050 17079 
sample-002705 27107 6249 2457 1079 23685 27050 3299 
sample-002715 224 
sample-002725 17852 15292 23685 29583 30166 15660 15408 29610 30166 20540 9911 
sample-002737 12299 21186 20987 12586 12123 2019 
sample-002744 12299 12341 225 224 11669 25024 1201 23332 27050 2895 16183 14289 10676 1169 13362 18437 24828 
sample-002745 29583 2457 17757 27385 10288 16881 806 18031 27385 27050 25039 19092 
sample-002749 12299 29343 17170 4493 18229 14145 27029 1380 13313 27050 29971 
sample-002750 27207 6978 10858 18031 12299 30000 2457 18229 27050 224 6954 
sample-002758 15660 29614 30169 11446 
sample-002760 12299 17286 305 14024 3807 9374 6249 12339 12551 
sample-002763 30166 14500 8142 14789 955 27037 30170 8154 
sample-002765 27037 17794 27088 29343 1288 224 18560 18229 11127 10858 27050 7952 19850 
sample-002767 24042 8046 27037 224 13053 17420 12275 17852 9963 9796 
sample-002769 27050 5544 27385 18537 29967 18336 7635 6942 2381 14106 25692 20666 
sample-002770 27107 1036 2566 27385 10000 27037 27107 14762 225 2730 29408 27029 18540 12306 
sample-002779 27092 17994 17170 27029 29416 4045 8046 27461 
sample-002780 27037 29343 225 15706 18229 224 
sample-002788 27158 14106 225 5487 16935 5683 24086 23141 
sample-002796 14149 8616 10567 30166 27385 26617 
sample-002798 27050 3299 21086 27050 25497 13313 12586 224 
sample-002799 3807 14145 14106 17982 225 5024 27037 29343 22268 3838 18552 27050 17794 18437 20853 25949 
sample-002806 27050 11701 9130 18336 16002 30181 22667 25538 27037 224 18232 14149 10256 224 29847 305 16748 2457 18437 29583 18341 12963 16770 
sample-002807 18339 27385 27050 10008 1201 29285 27385 27050 224 
sample-002810 30166 4005 24828 27037 30166 6249 15153 305 30181 8314 23141 27050 18299 29885 
sample-002811 27037 30166 1552 27385 27050 3154 10858 27050 24072 
sample-002813 29699 8142 30166 29280 16417 27385 23685 12551 
sample-002814 14145 29343 27050 27340 18229 6971 29610 955 18229 13315 24608 8504 27050 26167 
sample-002817 25119 27385 27050 12081 27037 30060 14145 955 23141 27050 24480 
sample-002819 3807 2185 17170 13268 19396 27029 24090 
sample-002820 12275 225 11477 27941 
sample-002830 27050 29680 27596 13313 1169 28620 
sample-002832 27050 21809 1552 11477 13313 27050 224 18229 12586 27385 11800 16665 
sample-002838 13127 30166 14789 30181 12347 29537 14145 29740 17710 2457 291 27385 8046 27037 27385 30166 
sample-002841 26848 16417 17170 305 30181 8310 23141 27050 29885 
sample-002843 13053 12275 27385 23858 18560 27050 26159 
sample-002845 14500 1676 27060 11617 26711 30166 
sample-002854 1201 8142 10623 27050 14967 18229 224 
sample-002858 13053 11994 27050 9374 12234 11126 224 26816 8310 773 
sample-002865 12299 23141 27037 9379 12234 14165 18790 7446 16417 
sample-002869 1552 30166 11446 27385 8429 28661 
sample-002872 27050 3299 29546 27385 12586 22858 1201 224 
sample-002876 12299 25751 224 10567 225 17068 1201 27074 23519 18560 18229 27050 19805 
sample-002886 27074 12299 21532 27037 12299 11994 2539 25921 27385 10567 225 10086 17070 15663 1802 27050 26451 
sample-002889 27050 3299 18247 12586 3239 12769 27037 27050 18299 16043 30000 15168 12551 1021 
sample-002894 13127 30166 8142 14789 1364 1052 23608 9053 14500 11418 27066 
sample-002897 27050 26177 27185 10567 225 16879 
sample-002899 27050 7411 26608 18552 16043 10858 28661 1201 27107 8142 1079 22498 12444 24042 23141 
sample-002900 27050 3299 29343 27964 27385 28304 27050 27668 1201 29583 27050 18299 16043 11994 23141 
sample-002906 27050 15542 11808 18229 19396 10858 27050 4966 224 
sample-002909 8142 15291 9750 3154 26601 28585 955 18229 30181 27340 
sample-002910 29583 29343 27050 21556 10567 27050 13413 
sample-002911 12299 25692 224 10567 225 17068 1201 27074 23517 18560 18229 27050 19805 
sample-002913 1201 12586 10134 8109 18336 416 
sample-002916 28027 10567 27035 
sample-002917 13053 29835 18437 225 24379 1676 27037 
sample-002920 27107 15662 10567 27050 9834 16268 3807 10690 
sample-002922 24042 21086 225 24331 18336 27050 8166 1201 27074 29546 27385 225 24680 3920 2546 3838 
sample-002924 17439 22537 18229 27050 26177 18341 25756 
sample-002933 27050 3299 30166 2570 27385 7645 13951 27050 8476 
sample-002934 29416 25119 18229 27066 18356 27385 4761 
sample-002942 10567 1802 27050 27340 14145 11994 17982 18205 27385 12551 27037 14145 16748 2457 12666 
sample-002944 10189 13053 30173 29885 1485 29669 29343 17982 8322 13313 2895 
sample-002946 25527 29847 12586 18790 
sample-002947 27037 224 12551 225 15542 
sample-002951 12299 7755 13951 27050 26914 
sample-002955 12299 23275 18336 225 25744 1201 225 15706 12558 27385 2515 12601 27050 27310 3838 27050 12777 
sample-002957 27107 2570 14580 28585 18336 30166 27964 27385 23775 30166 24956 
sample-002958 13053 10690 14145 7641 27385 11272 27385 29944 2510 18229 27050 14009 
sample-002960 29416 16935 30166 1201 16935 12280 225 10825 15291 30166 1201 13053 1084 24828 12166 27037 30166 27385 224 27385 4351 28585 
sample-002961 29583 14106 15734 27050 7411 1703 
sample-002971 27050 19882 2344 24033 
sample-002974 30169 15292 17982 29847 30166 18031 
sample-002979 14145 29343 27050 17200 7231 29783 12299 11994 9360 26696 
sample-002980 13053 23993 16002 28661 24937 13086 6637 
sample-002988 14145 30000 12275 2539 29054 27385 16417 11994 13053 18356 15662 28585 1676 14145 26978 
sample-002991 224 8310 17170 305 5436 12678 27029 305 15171 27050 3299 23141 
sample-002992 24228 16417 24937 6353 30166 
sample-002993 13053 21501 18356 29583 27050 2860 29282 27385 26848 16417 
sample-002994 24042 19832 27050 11367 4193 18336 27050 8667 18229 27050 26545 
sample-002999 10858 6971 12299 6249 23685 758 13313 27050 7949 
sample-003000 8142 2457 17170 4377 27029 27050 20147 
sample-003002 29614 7607 9379 11288 
sample-003004 29614 1552 30166 10858 27050 3299 1703 
sample-003005 27050 224 20657 1031 14762 955 27037 
sample-003008 11446 28585 27385 23685 266 
sample-003009 30166 224 
sample-003013 1552 30166 1001 27385 14724 2093 
sample-003019 14145 29343 12884 25692 24828 12832 10858 14149 15408 27234 27050 845 
sample-003023 27050 3299 29343 11282 14098 
sample-003026 22203 27050 26766 13313 224 17501 29847 1364 18537 224 225 25504 29337 4565 
sample-003029 13053 12275 1031 7405 27050 1423 18229 27037 224 3662 29630 29343 224 13313 27050 11800 
sample-003030 29699 24215 17982 16002 9921 17439 2666 
sample-003031 13053 4045 23685 1499 5436 
sample-003033 14145 17200 27107 27185 27037 1288 224 22661 224 
sample-003034 30169 9755 21540 2498 
sample-003036 27092 27050 4966 955 27596 26268 27385 29056 
sample-003039 12874 8046 30166 25520 
sample-003042 30166 30003 29278 23685 27037 224 
sample-003055 27040 20152 27037 2587 8166 
sample-003058 1201 8142 10623 27050 14967 18229 224 
sample-003060 1676 24991 1676 12299 23332 16417 1144 27050 6567 12299 3970 16417 27385 5414 8220 
sample-003062 27050 3299 7611 29278 26617 305 27050 21102 
sample-003063 27050 3299 2566 27385 7607 13951 27050 8476 
sample-003066 30166 6252 12275 2539 30055 
sample-003068 12299 6252 12275 2539 30055 
sample-003073 27088 29343 17852 22382 10858 27050 8774 
sample-003082 15292 25756 27158 1288 5441 23141 
sample-003086 1802 18339 12299 5808 27050 28105 13364 
sample-003097 13053 12278 1364 29369 
sample-003102 30166 8142 12275 27385 11418 29847 16417 
sample-003103 13053 1084 7139 29416 18372 27385 27050 13100 2510 13053 1079 29282 27385 29944 1676 225 24680 3791 18793 
sample-003104 17439 14618 4510 14106 12377 1201 2029 27385 4267 17439 20002 
sample-003106 1201 27050 23226 1201 11673 11994 2539 10458 224 13313 9365 7718 
sample-003107 27050 29768 2566 27385 3021 773 
sample-003108 3807 27050 3299 17710 27472 12586 9707 18229 12586 17713 10825 
sample-003111 27050 18299 16043 29343 20657 225 11952 27469 
sample-003112 29369 18560 10567 12586 224 27050 3299 23141 
sample-003117 27050 3299 27472 18560 224 1201 24937 12551 10858 12586 2093 
sample-003119 17420 12275 2539 27037 224 27050 5305 29377 
sample-003121 29197 27330 27180 28105 10988 224 21501 27050 17174 20235 27452 
sample-003125 13053 27185 27050 28531 16748 2457 1959 
sample-003127 13313 11187 19396 12275 7642 9284 224 224 
sample-003128 16748 10017 1201 1201 27050 25005 27029 225 10139 16565 1201 224 9107 1169 382 27050 26914 
sample-003132 3299 17766 8220 18336 27050 2353 27385 17596 15512 6283 27060 6033 
sample-003134 3807 17439 12347 14106 8695 27050 3299 23141 
sample-003136 13053 27424 30166 13053 4046 28667 30181 12678 1201 17170 
sample-003139 12299 27472 27037 12586 3167 1201 18868 27066 2019 773 13313 27060 2161 
sample-003141 30166 10630 27385 18860 14145 
sample-003143 3807 17439 12347 14106 224 27050 3299 23141 
sample-003144 8046 30166 21434 16417 
sample-003146 27040 17982 17439 17086 
sample-003156 1079 1701 13313 18148 21171 
sample-003159 27050 224 27037 6971 1676 14145 11994 17710 2539 18336 27050 10700 
sample-003170 13053 23993 16002 28661 24937 13086 6637 
sample-003173 13054 14789 27037 3304 1386 
sample-003177 13053 6252 25756 25510 1802 14145 
sample-003180 14145 29343 8387 18232 14921 1201 21322 8220 13313 27050 23226 
sample-003182 23400 11808 18229 19396 29548 12996 10858 27050 7718 18229 224 
sample-003188 13053 11872 13053 29343 12678 24294 
sample-003190 30166 20018 27385 225 27654 18229 6889 15125 13951 27050 12849 
sample-003192 27050 224 27050 20304 29958 10567 27050 11544 
sample-003193 13053 14762 29416 6249 23685 14145 
sample-003195 13053 20019 18560 16225 225 3382 8220 18229 15394 
sample-003199 27040 29699 13053 10000 305 13053 7414 225 19092 18229 29583 30166 10219 
sample-003212 27040 29614 30169 16954 
sample-003218 24937 19832 30166 6249 12275 21086 14145 
sample-003225 12299 7611 14789 27050 16565 30144 3807 12302 20305 24303 30000 21648 29610 12299 1425 
sample-003232 27050 10531 17794 27050 3299 6755 27050 224 26914 29847 225 12801 
sample-003233 12299 25751 224 21887 16417 
sample-003234 13056 2574 27385 21532 27037 
sample-003237 27050 14618 29282 27385 17982 16002 225 25155 18229 12472 
sample-003241 30166 4045 12339 18560 18229 14145 
sample-003242 24042 13313 27050 14423 15408 224 1201 3892 
sample-003246 27050 30173 1517 27472 18560 225 3154 1201 2566 27385 21501 
sample-003254 224 
sample-003258 27954 13313 30181 12347 27050 17710 10623 27037 30169 13313 27050 7411 
sample-003259 29537 27074 29699 8046 29416 17624 955 27105 3167 27050 3299 1703 
sample-003261 1201 27074 12874 16127 27134 27050 29768 1031 14762 12874 27385 8046 
sample-003269 12299 20451 12558 225 23245 13313 8282 24947 26738 10858 225 6624 11367 
sample-003274 27385 25958 13951 27060 18790 20005 
sample-003277 13055 14500 29369 12551 12299 23141 27385 12558 
sample-003278 27050 224 29343 7759 
sample-003286 12302 15663 10567 30166 
sample-003290 18031 15292 26601 225 15660 1802 27050 4050 
sample-003292 30166 6249 1079 11418 2093 27385 2596 225 24169 
sample-003299 29583 27340 14106 14145 
sample-003304 224 18115 14149 955 27050 26283 14145 29343 27158 224 224 
sample-003305 24941 11994 22500 17439 15012 6451 4173 27385 27050 2267 
sample-003308 224 27050 6323 18229 27340 
sample-003309 13313 18341 12299 11994 21501 27037 16127 30125 806 18229 224 1519 224 11994 29059 9322 
sample-003323 14145 29343 18356 18341 13053 11523 27158 5153 27385 14145 27037 27050 25813 18229 14145 29343 1802 955 9387 27385 16417 
sample-003325 22661 27037 27340 14145 11994 17982 18207 27911 27037 14145 16748 2457 12666 
sample-003330 1201 12299 8386 12586 25116 19682 28585 12586 14180 1201 4005 18560 13951 27050 22732 
sample-003335 30166 4045 27962 28679 13053 14180 27385 402 27158 3807 27050 20214 14119 21207 12510 9090 
sample-003342 27050 23890 22013 13199 
sample-003344 18341 17420 20450 10567 14145 
sample-003347 29699 24219 13053 16002 9921 17439 2666 
sample-003349 29583 24042 28175 
sample-003350 27105 18537 25216 23141 18341 18229 27050 16043 
sample-003352 1676 9911 1676 13053 4045 
sample-003368 1288 8312 23141 27050 26601 14145 24967 27385 12586 27050 26507 29375 27050 3299 29225 2019 
sample-003369 27050 3299 29343 224 
sample-003377 29669 6249 12275 20385 27037 
sample-003386 1802 27050 10256 11360 14145 29343 21540 17982 28913 9477 
sample-003391 29699 8046 27107 17624 30166 11994 
sample-003402 27037 224 12551 225 15542 
sample-003403 224 27037 27050 9138 27050 26914 
sample-003405 24967 30166 1552 12648 27050 19513 13053 15734 27050 3299 23141 
sample-003414 21086 8220 27037 24014 
sample-003416 24042 10029 15408 225 29202 13313 5544 27385 12444 17718 6954 
sample-003418 955 27050 14412 12299 11994 23704 27037 17174 11994 26111 7755 
sample-003419 29673 27050 26882 10567 
sample-003420 13053 5666 27131 1372 
sample-003428 29699 8142 29416 23608 27060 22869 
sample-003434 9599 1552 224 
sample-003436 14106 14145 225 7000 18437 14106 14145 
sample-003437 3807 13053 10690 14145 7641 27385 11272 27385 29944 2510 18229 27050 14009 
sample-003438 29610 12299 25123 13313 18552 14967 13053 4045 13844 3377 29583 12299 12234 23141 
sample-003440 13055 26601 16820 18031 
sample-003444 13055 23685 30166 11272 14145 1201 10127 16881 
sample-003446 30166 1552 29831 2510 30166 18167 9379 10858 225 7949 27050 3299 23141 
sample-003451 12874 8046 30166 14789 24042 7611 
sample-003453 1802 27037 20018 27111 15372 9379 14106 5069 1201 9379 14106 20230 
sample-003454 30166 11523 30181 23685 15414 30144 
sample-003457 11340 16417 27050 7985 1870 14106 18254 
sample-003458 3807 13053 7611 27136 27037 14145 5929 1364 15559 6444 
sample-003462 13053 14500 8142 27954 1374 29669 23347 27113 17710 11994 12053 12421 
sample-003464 26848 16417 17170 305 30181 8310 23141 27050 29885 
sample-003469 27050 3299 25751 18229 23983 224 1201 15662 18339 17170 13313 27050 21102 
sample-003471 27074 24042 10164 12444 224 29847 29377 1201 15196 
sample-003477 27107 11523 225 29408 27385 3392 1802 224 12849 
sample-003479 12302 18336 27050 29408 
sample-003480 29377 3057 14106 26955 10636 18229 27527 
sample-003486 14145 15196 225 224 25842 27037 224 10567 24937 23642 
sample-003489 19938 8142 16002 16417 
sample-003493 13055 11340 14145 225 8346 
sample-003498 27040 27469 9877 10858 27050 2525 
sample-003499 1201 27050 1836 1201 224 
sample-003500 27050 3299 29343 225 20638 1201 27074 30166 224 
sample-003504 13053 10000 21207 1106 305 27050 1661 
sample-003505 10256 27107 27853 27385 10200 12551 12735 
sample-003506 27050 24969 29343 28038 13313 27469 11453 27158 
sample-003509 27158 14106 27050 224 
sample-003511 30166 7611 3807 10567 16417 27050 15012 27340 
sample-003516 13053 18356 13914 8314 
sample-003519 224 
sample-003520 29416 24235 28585 773 27207 16881 10008 14106 224 
sample-003521 27050 3299 29343 1036 23115 12586 10825 29343 13313 21076 18229 12586 7450 
sample-003522 14145 23298 14145 12832 1201 13053 21540 29280 27385 27962 27050 8415 224 
sample-003525 12299 11523 28585 8583 29847 27050 13100 18229 10202 14145 
sample-003527 1201 12299 21086 225 24331 18336 27050 8166 1201 27107 29546 27385 225 24680 3920 17596 
sample-003529 13053 11994 27037 9374 12234 11126 224 26816 8310 773 
sample-003532 14145 16361 2457 27050 11127 14106 18229 27050 10249 27037 4398 27050 224 1201 6025 
sample-003534 29416 2483 27050 29680 6283 18336 27037 25781 
sample-003535 30166 6249 23685 27050 18537 11934 25142 12874 11477 1802 10139 12299 14106 
sample-003540 3807 27037 29343 24387 2510 17439 13053 29343 6691 
sample-003541 14145 23700 26099 225 15660 27131 24828 3461 1201 24680 1201 25692 
sample-003551 13056 11446 27385 3644 225 3449 16768 955 
sample-003553 12299 1703 14145 19938 17710 27385 25756 25122 27385 12551 
sample-003555 3807 27074 30166 22079 12299 29357 11446 27385 12275 27385 19239 1380 
sample-003556 24937 25779 1552 29992 27050 224 
sample-003562 29416 8142 29280 12551 
sample-003563 16007 305 10288 27188 225 30119 
sample-003564 18341 4045 13180 27105 28105 6327 29847 23226 23033 28585 27050 15542 25854 13313 27050 3461 26199 
sample-003565 27050 3761 9725 11994 2539 224 
sample-003572 11523 27050 10256 27060 29926 224 10858 9526 13383 224 
sample-003588 14149 3970 27050 20599 18229 224 2573 15775 
sample-003595 13053 29280 17439 13005 27385 29897 14106 10773 1676 27050 29768 27037 23987 27050 8477 
sample-003601 13056 17982 755 18229 1201 
sample-003604 17982 3807 11549 18336 27050 19629 
sample-003606 29614 8046 30166 15548 24033 27050 3299 1676 27050 224 2019 
sample-003609 24045 225 29900 19513 
sample-003611 12874 8046 30166 8046 
sample-003612 30166 11272 28585 8583 29847 27050 13100 18229 10202 14145 
sample-003615 3807 30166 14789 12453 
sample-003623 30166 17209 1201 13053 26619 14145 18651 12027 27050 17794 
sample-003633 13056 225 24849 10567 
sample-003634 29699 4046 30166 224 
sample-003649 24937 8046 5414 2093 
sample-003650 15711 18229 24091 2716 27234 23779 27060 224 
sample-003652 26111 12299 7755 1201 13053 6249 12339 225 9798 224 2587 27050 29254 
sample-003654 17439 22537 18229 27050 26177 18341 25520 
sample-003664 13055 26848 30166 8964 225 224 225 16879 
sample-003665 13053 12275 27050 7623 18229 225 14644 29669 10690 28082 8109 
sample-003667 27050 9768 27037 27050 28105 12847 11994 25872 13951 1169 9129 30119 7611 18031 
sample-003670 1558 29416 11523 15408 
sample-003680 1201 27074 12299 19416 14145 28913 24664 
sample-003682 27107 17265 27060 12805 
sample-003685 224 27050 16665 13053 28667 1169 7406 24937 224 
sample-003691 27050 224 27050 29408 27385 29655 496 
sample-003692 12299 25751 224 10567 225 17068 1201 27074 23518 18560 18229 27050 19805 
sample-003693 30166 4046 23685 27050 19850 29847 27050 16002 225 27301 
sample-003698 16127 19396 13313 224 224 224 17420 12275 23704 14145 
sample-003703 10200 29343 17994 24828 27088 29548 10577 27385 2544 
sample-003711 24828 30166 2566 27385 29269 27234 27050 4966 1201 10690 12558 1802 27050 11136 
sample-003718 12299 6249 1079 11418 2093 27385 2596 225 24090 
sample-003721 12299 14762 12299 29343 25915 224 
sample-003725 329 224 224 16565 1552 10577 27385 15548 13313 12864 15915 18229 27060 18790 10331 
sample-003727 27158 29343 27050 25813 18229 955 27134 27037 9360 4005 27385 8597 10858 18579 25071 
sample-003728 27050 29254 29548 6327 29847 6922 1201 23399 24496 62 
sample-003729 12453 13053 1084 2735 17439 10402 13313 17439 27781 27050 3299 27185 
sample-003732 13056 755 14147 2457 25658 27353 
sample-003733 8142 9348 27385 30181 9970 23141 27050 224 13313 225 25809 14443 29094 
sample-003735 14145 29343 23704 8583 13313 27050 17174 23041 18651 224 29935 
sample-003739 7607 30166 23685 27050 11103 27037 14145 27472 27050 16285 11106 26882 30125 27385 6433 
sample-003740 12299 7611 26134 29847 12586 29941 3807 14149 225 15542 16637 27040 27050 27842 
sample-003742 13056 5436 224 12299 23141 
sample-003747 27050 3299 15662 1616 27050 18650 1201 18537 1414 28667 27385 224 3807 24828 17897 
sample-003748 26266 27037 29343 225 24056 30181 4045 29225 13951 27158 18254 
sample-003751 13057 27050 18341 17439 29411 12453 
sample-003752 13053 27136 30169 225 11692 11934 
sample-003755 1201 307 955 8142 10623 27385 10525 30181 7450 27234 27385 14145 5699 
sample-003756 1802 18552 13786 19485 14145 29416 16748 12275 2539 291 27385 23685 27050 27921 29408 2093 29610 
sample-003764 24828 30166 14789 305 15734 27050 3299 23141 
sample-003770 3807 2185 1552 17170 13268 19396 13313 24091 
sample-003778 29537 14145 27452 2560 26203 29343 27050 224 18336 9326 22375 
sample-003781 3807 12805 27373 14145 3838 2874 
sample-003782 27107 2566 27385 22633 18560 18651 27050 23141 224 29847 27050 17149 27060 29408 
sample-003783 14500 18341 17170 27962 
sample-003789 13055 1018 8386 12551 
sample-003790 27050 5405 29343 743 1201 6350 
sample-003792 27050 22721 224 17505 27385 14166 
sample-003793 27050 863 22887 11563 13951 27050 24545 
sample-003795 27050 224 11800 29343 2900 1676 9877 1676 18341 6249 23685 1201 14145 29343 25692 11346 18232 24720 
sample-003796 3807 30166 16748 26852 16417 29669 11442 28585 
sample-003799 11272 225 15569 18229 27158 
sample-003802 30003 8046 1364 11477 
sample-003803 13053 27185 26278 30167 22079 16417 
sample-003804 12299 7607 6268 27050 29783 1201 2566 27385 6265 27050 25527 25781 11994 2539 27424 
sample-003808 13053 11994 225 26978 225 6300 27050 25810 23141 
sample-003814 9374 12234 12586 18229 12444 18336 29408 27385 15157 27134 12299 23141 27385 12558 
sample-003816 13053 14789 10567 225 23642 
sample-003819 27107 30000 30166 23341 
sample-003825 27050 19763 15734 12174 224 
sample-003828 24944 11446 27385 11272 12998 
sample-003831 1802 27050 10256 11360 14145 29343 21540 17982 28913 9477 
sample-003832 24956 12161 30119 30168 12275 27385 22079 15029 18336 
sample-003833 1201 13127 14145 14106 
sample-003836 27050 26761 11994 15166 224 
sample-003852 27050 17743 1662 11994 20451 9374 27050 21615 18229 27050 13100 
sample-003853 13053 10630 17439 11994 
sample-000162 27050 18356 15012 27207 3826 18232 12586 2716 
sample-000163 13053 27136 29416 4045 8046 2730 762 27050 3062 23171 
sample-000167 27050 3299 29343 22036 
sample-000171 10086 19396 21532 27050 224 
sample-000173 30166 29146 29610 27050 23208 17439 9921 29343 17852 27158 14106 16043 
sample-000175 29583 9360 30166 23150 18336 
sample-000180 29583 225 15706 18229 27753 23261 19756 6791 
sample-000182 27050 26811 21086 18336 21501 19115 10567 27060 1201 30166 29740 27385 224 
sample-000184 224 4045 2457 24828 15736 27158 27340 18229 30119 
sample-000185 15749 27472 18560 225 4904 1201 19833 13313 12444 16043 
sample-000187 27050 29055 24482 13199 3807 11994 23984 12551 
sample-000190 27050 224 27424 12551 24828 
sample-000196 29610 12299 29343 225 4752 27037 16417 1201 29282 27385 27764 27469 
sample-000200 1802 27037 27340 14145 29343 21207 5069 13313 17439 18790 16810 27037 27050 27131 11994 5414 10858 27050 19850 16225 
sample-000201 27040 17982 24828 2139 
sample-000203 12299 11994 23704 27050 24166 25504 1201 29343 19535 27037 225 224 14873 24967 17596 
sample-000206 27050 224 28679 27060 14881 224 27050 10228 1422 10288 16653 
sample-000208 1364 224 30166 14458 28105 25141 224 
sample-000213 13053 29280 17439 11103 27385 2457 10164 29847 22895 3807 30166 14789 224 1201 19147 10435 
sample-000217 14500 1676 30181 11624 26711 30166 
sample-000220 28105 6978 15029 27050 16601 25277 27385 27050 3299 305 27050 7908 
sample-000222 1676 12299 7607 24828 12299 26619 29847 225 15648 305 27050 27835 29337 
sample-000228 27040 29699 13056 12453 13313 27050 16730 18229 12832 7411 
sample-000229 16748 14500 1676 29537 2457 
sample-000232 15292 27008 25781 
sample-000234 18336 27050 10256 6971 12299 22500 29847 225 21247 1201 18336 27050 23642 28105 2860 
sample-000241 14149 20304 28585 27088 18031 
sample-000249 30166 12275 225 16127 18247 24379 10200 9379 1296 27050 224 14098 
sample-000250 29614 24042 28669 27385 15548 
sample-000255 27050 3299 29343 2517 14797 
sample-000260 27107 19910 30166 12 27414 
sample-000261 12299 7611 14789 27050 16565 11272 3807 14149 20306 13053 30000 21645 12551 29610 12299 1425 
sample-000262 13055 2457 22661 2093 
sample-000268 12584 27469 19518 27665 1201 16002 18341 18229 27066 27660 27050 18537 
sample-000277 18229 6304 12302 5414 2093 12453 
sample-000291 13056 8536 10567 29583 13053 2614 
sample-000296 27107 29548 22036 1201 12166 
sample-000298 29583 8046 13053 26848 30166 
sample-000299 23123 17439 8310 18229 2517 225 25407 224 16361 17710 12156 
sample-000303 27050 3299 17999 27037 27050 16044 5171 25808 
sample-000304 23400 11808 18229 19396 29548 12996 10858 27050 7718 18229 224 
sample-000306 24941 11994 22500 17439 15705 6451 4173 27385 27050 2267 
sample-000315 27050 224 18229 11127 4005 18560 27579 28661 
sample-000317 13056 11446 27385 16935 1365 
sample-000321 1802 17200 27107 27185 27037 1288 224 11994 224 
sample-000326 17862 11446 27385 23038 16417 13951 1380 
sample-000329 14500 29583 14106 225 15744 8220 29746 
sample-000330 14149 27037 29583 9111 16566 17274 27040 9390 23141 27050 224 
sample-000331 27050 11701 27050 224 25538 27037 27050 12393 18229 14149 10256 1423 29847 305 17827 18437 18341 12963 16770 
sample-000333 18341 8202 27037 11272 28661 
sample-000335 15734 22272 27066 27385 25574 29847 27050 19396 27107 15196 
sample-000337 12299 7611 4544 1380 
sample-000343 12444 12393 12420 12444 29847 12444 10139 
sample-000345 14145 23700 24828 23126 1201 224 
sample-000347 11442 1079 12275 225 2730 28979 
sample-000351 27050 28024 1201 11673 1616 14145 23700 224 1676 13127 3838 225 26110 9628 
sample-000352 12874 15648 14106 14145 
sample-003855 17852 18341 23700 27385 12275 27185 305 27037 
sample-003863 30166 24215 12275 23704 27050 5202 17223 13313 27037 15605 22858 
sample-003866 5213 12341 955 305 30166 
sample-003873 27050 3299 15662 1616 10567 27050 18650 1201 18537 1414 28669 13313 224 3807 23332 17794 
sample-003876 14145 16361 2457 27050 11128 18229 27050 10228 13313 27037 4398 27050 224 13403 
sample-003881 1201 27074 12299 19415 14145 28913 24664 
sample-003887 13053 29343 9567 30166 
sample-003888 27107 17982 14106 27050 12805 
sample-003890 29587 27050 16331 29847 30166 28105 11937 
sample-003898 27030 30166 28913 17312 
sample-003899 30166 15012 16417 27385 29583 
sample-003905 29416 8142 12275 27385 11340 28585 18552 5187 
sample-003907 12299 17420 2457 7851 27385 2001 8989 29847 224 
sample-003920 13056 15663 10567 225 27781 23141 27050 3299 1201 12299 13199 21918 12280 23141 
sample-003923 27107 23913 18232 23033 224 13951 27050 27798 
sample-003925 13057 27050 23891 15983 27050 10244 13313 27050 224 
sample-003928 17757 30166 29280 27385 13313 29507 224 21186 28192 224 
sample-003933 12299 21540 25524 12586 224 27040 29583 12299 12234 27340 
sample-003937 3807 27050 16188 19832 224 29343 9877 10858 12678 24828 12299 29546 
sample-003939 1201 8142 10623 27050 14967 18229 224 
sample-003940 17200 224 1552 17170 18437 15283 22943 
sample-003941 13053 29897 29587 8622 27037 11450 17086 224 1384 
sample-003945 224 224 28677 18914 18229 14624 
sample-003948 30166 27136 18229 14106 18336 27050 29863 25484 
sample-003949 29847 27050 2148 18229 224 
sample-003952 27050 26850 7611 14789 15734 4510 
sample-003955 14149 17982 12510 27050 29768 25277 305 
sample-003959 3807 13053 21532 24042 6249 12275 2539 
sample-003962 27050 3299 22085 27050 18299 16043 27037 12299 11994 23141 24956 305 12503 27781 
sample-003968 12299 29282 27385 10623 305 27050 29055 13053 22498 27385 12586 16501 
sample-003971 13053 22498 14500 1676 30181 9921 4005 2093 27385 30181 17209 12299 23141 
sample-003975 14145 11994 225 7574 18229 305 27156 30107 
sample-003979 12299 29357 1704 10567 12418 
sample-003987 27037 11934 18651 27060 15414 225 8346 15706 26617 225 15706 2093 27385 17994 
sample-003991 27050 23703 11453 29831 
sample-004003 27107 23913 18232 23033 224 13951 27050 27798 
sample-004005 27107 10647 224 3807 27037 29054 225 16768 1201 225 12027 2019 
sample-004009 1057 23611 13313 2825 23608 27798 14106 8723 30166 29894 10200 1364 10887 13313 27088 
sample-004014 27107 29548 17852 17766 224 1201 27107 29548 12403 13313 27088 3838 224 1201 27050 224 
sample-004015 27964 27385 13301 27050 29971 3838 14461 28585 1201 8220 
sample-004016 29416 25692 29416 4046 2457 3234 18031 
sample-004017 14145 17420 12275 9832 29633 13053 29343 24464 18651 27088 
sample-004023 30166 29280 27050 16991 
sample-004028 27050 18341 13313 27088 
sample-004031 29614 7607 12299 14577 12586 17086 
sample-004033 1676 12299 15662 1802 27050 25749 12299 10029 22036 10567 24937 21556 
sample-004036 27207 4517 10567 224 
sample-004039 1552 30166 13313 224 
sample-004040 19832 26465 18229 27050 224 18336 27050 8172 18229 27050 12864 
sample-004044 1676 27050 26177 22746 16565 2566 27385 2483 27050 3299 
sample-004045 13053 12275 27385 10200 225 16043 29669 14797 27037 28442 14967 
sample-004048 7607 30166 9360 29225 13951 27158 18254 
sample-004051 9379 15662 27050 10980 762 24042 27472 27050 17519 
sample-004055 27050 1818 29343 224 29847 27050 26403 23846 18229 24720 
sample-004067 27107 21490 27050 4462 18229 225 14986 19928 29614 27050 16188 29343 12403 
sample-004069 17852 23833 16641 28585 27050 25854 
sample-004073 27040 29583 13057 17982 26268 27385 23341 
sample-000355 14145 29343 8387 18269 10317 1201 21332 8220 18336 27050 23226 
sample-000356 29614 30166 11103 
sample-000358 29416 8142 14789 29610 27050 29287 29740 9000 24828 29416 4046 5970 18552 14406 12299 23141 
sample-000359 12586 17713 10825 20235 27050 18793 24303 1201 20987 27050 3299 18629 29847 27066 
sample-000365 24042 23141 14145 18336 27050 24072 1201 27037 25535 
sample-000367 27050 3299 29343 25915 1201 29282 27385 22449 3807 12299 29343 13313 225 10596 6283 
sample-000375 14149 3970 27050 20599 18229 9944 290 2576 15775 
sample-000377 13056 14500 225 16043 29669 29273 27050 7411 1201 14797 27050 25517 23141 27050 224 
sample-000387 13053 11523 27385 27962 14145 3807 3807 24937 17439 22661 15408 10858 15012 17794 27107 12341 
sample-000388 17852 30166 15507 27385 16417 
sample-000393 27050 224 18229 19396 13313 1240 2566 27385 27764 9914 
sample-000405 24042 29343 26268 27385 5414 8220 1201 11272 30166 
sample-000406 1666 18336 30181 17699 4045 8046 24956 28913 24369 
sample-000415 14145 29343 225 15537 16935 26978 
sample-000425 29587 27050 11477 18229 1571 305 24956 27037 20657 8091 9532 
sample-000429 29860 22379 27050 11860 9107 27050 26914 29614 12299 22059 10567 24937 27340 
sample-000435 1201 27074 12299 19416 14145 28913 24664 
sample-000436 13053 30000 1472 13127 30166 6249 6433 224 13086 26545 
sample-000438 8142 30166 21077 16417 1616 15408 27037 
sample-000441 27107 29548 15663 18356 10567 11450 12586 5530 1293 
sample-000444 30169 26268 27385 2457 27050 18341 27037 12234 955 27050 1298 
sample-000447 27050 12510 12940 14106 16009 16417 26384 
sample-000453 29537 28684 13053 15153 17170 10858 17439 24057 27029 10858 3167 12299 1296 
sample-000454 224 27050 6540 
sample-000456 27158 14106 10567 30166 12299 23141 9834 18341 18229 27050 19128 18560 27385 27050 16030 
sample-000458 1201 27107 27185 12491 13053 27185 13053 27050 3054 27385 2518 
sample-000460 12874 8046 30166 27136 27050 26545 15665 
sample-000461 21086 13313 30181 19222 28267 27158 10409 29343 225 11692 13100 
sample-000463 13053 29280 27385 23685 12551 8046 14145 23141 27050 4747 
sample-000465 2136 1201 27134 1201 16131 23892 14106 225 12194 25529 1364 6971 
sample-000466 13053 17710 14762 11272 17312 27385 2457 24828 27037 27066 2560 
sample-000467 224 29548 27158 19466 18229 11477 9390 
sample-000468 14149 27941 15375 21540 14106 11204 27180 29548 21073 27060 7450 27050 3299 27024 
sample-000470 12299 23141 12299 11994 17710 23704 1364 15408 27066 
sample-000483 13053 14789 29633 12299 2093 27385 17439 10402 12299 27185 
sample-000489 16366 27105 7411 2860 6249 9607 27385 12551 27050 16433 18229 15734 29860 18796 
sample-000492 23815 27180 1802 27050 19396 13313 
sample-000497 12299 29343 14500 1201 11477 
sample-000502 29860 27050 6942 23913 27050 1661 14106 28672 
sample-000509 17439 26718 8109 19239 10567 27180 20961 23443 224 
sample-000515 12874 27050 29513 5656 
sample-000520 1201 14149 17982 15734 27385 23685 9379 10858 225 7949 15408 30166 8046 
sample-000528 13053 27424 30166 27037 30181 8310 29847 225 7641 18341 
sample-000532 24163 27234 27050 7433 
sample-000546 13053 27130 4924 3461 16649 24235 2735 27050 27484 18229 27050 3078 18229 24937 18229 27037 
sample-000549 27050 18299 16043 22500 27050 3154 27385 27050 3299 
sample-000550 1201 17994 14106 26960 
sample-000553 14145 29343 18356 29610 13053 11523 27158 5153 27385 14145 27037 27050 25808 224 18229 14145 29343 1802 955 9387 27385 16417 
sample-000557 3807 14145 14106 17982 225 5024 27037 29343 22268 3838 18552 1022 17794 18437 19528 25661 
sample-000558 27050 27340 17420 12275 2539 24967 1616 24471 225 6110 
sample-000561 13055 1079 15291 30166 8220 
sample-000562 27050 18299 16043 22500 27050 3154 27385 27050 3299 
sample-000563 27107 15915 27050 3299 5970 7650 3807 12299 10690 17994 
sample-000564 27050 2398 3257 18229 14138 18229 224 
sample-000565 3807 30166 8142 14789 305 15734 
sample-000566 27050 29768 27050 12234 16127 17501 
sample-000569 27385 21501 27050 17794 27050 3299 27472 225 19832 30166 4848 27050 10200 17994 
sample-000573 1802 27037 27340 27050 224 17420 12275 2539 11282 21515 
sample-000576 13057 15154 27134 10858 27050 24057 1201 13057 15154 27134 10858 6624 12299 27185 
sample-000579 12874 24215 13053 14789 
sample-000587 27050 224 11994 2539 20710 12036 13289 3838 25781 
sample-000597 24962 27050 4162 27037 29847 1288 
sample-000605 27050 3299 19682 28585 12586 224 1201 21086 14145 29847 12586 18537 27134 
sample-000608 27050 29337 11446 27385 9000 24946 224 23141 
sample-000609 12299 17625 24948 27385 26617 27385 24828 1676 27385 2001 27141 305 27050 20229 225 29287 
sample-000613 27050 27185 29343 24828 8306 27385 12551 27037 12299 10630 305 224 10676 
sample-000614 3807 26142 18232 27050 3299 27187 224 
sample-000615 1201 16366 14145 29357 27037 27107 29548 26749 16417 3807 27037 13053 29343 15157 10858 27066 
sample-000616 27111 12777 29343 27469 224 29847 21716 1201 26111 27050 26177 1425 
sample-000619 27050 24169 10518 29548 26609 8220 27088 24281 1201 19396 29548 18376 27060 2526 29777 
sample-000620 13053 29343 29903 13127 30166 6249 26848 16417 225 2874 17170 305 29614 14149 15408 27385 15548 13313 29944 27088 
sample-000622 16366 27105 7411 2860 6249 9607 27385 12551 27385 16433 18229 15575 29860 224 
sample-000623 13053 11523 8061 2817 27400 
sample-000624 8508 29343 9834 1676 27050 3299 1634 29847 12586 12341 1201 273 4892 
sample-000625 1201 2539 955 18651 27589 
sample-000626 15291 16417 23685 13313 
sample-000628 12299 27424 224 27037 1802 27060 17757 16508 
sample-000629 955 27134 1552 18341 
sample-000630 27136 224 1201 23685 29583 27050 9852 14106 6971 
sample-000631 27050 17596 4966 18229 26143 8154 225 11826 9914 27029 224 1201 3791 11994 9832 18232 
sample-000634 13053 10690 27105 18341 6971 13313 27050 10116 
sample-000638 30166 12275 2539 225 21520 2966 27385 16417 
sample-000639 3807 12299 11994 27385 17284 18336 
sample-000642 29583 7607 30166 23341 
sample-000644 27050 3299 2566 773 27385 21501 12586 3154 3807 12299 29343 18031 225 11692 5676 
sample-000649 27107 2515 27050 24908 18229 27050 29971 
sample-000652 27050 224 5719 18336 27050 17013 25535 
sample-000653 27050 17584 11446 27385 10483 9921 12678 27158 765 
sample-000655 12586 24480 10164 29847 26764 1676 12299 25277 18229 27050 224 
sample-000656 14145 25325 27234 27050 224 1818 1201 224 14149 17170 9848 9979 
sample-000658 27050 27798 26375 28402 27050 13313 27050 3419 
sample-000666 29610 27050 18969 3970 27050 17102 1201 27050 3299 15662 1802 14145 8091 
sample-000667 30166 2730 11272 225 10040 
sample-000668 18031 14145 29343 18356 10700 6978 2560 12299 30000 2457 2093 13313 27037 23700 28997 
sample-000671 16366 27105 7411 2860 6249 9607 27385 12551 27050 16433 18229 15734 29860 224 
sample-000673 27110 7060 27050 16052 24215 14789 305 27158 14149 
sample-000678 29673 13951 12453 27158 11272 2019 
sample-000682 30166 14789 29416 4045 29610 30166 23685 27037 15542 224 
sample-000686 27107 14500 29894 15291 1368 26617 20075 27385 27066 
sample-000694 12418 16417 27050 3299 23141 
sample-000695 27088 29548 14500 224 224 1201 762 7078 
sample-000699 13053 10690 225 15542 6567 18229 305 28082 19396 26315 27050 12907 12655 
sample-000702 12299 12418 27037 14145 30000 2457 24937 1676 3900 29095 20558 1481 
sample-000706 27088 14106 17852 29783 13313 27158 6283 27050 30173 16043 23141 
sample-000712 14149 8616 1201 30144 13057 17710 8154 14145 2560 12299 27185 
sample-000714 29614 7607 12299 14577 12586 17086 
sample-000716 329 224 27037 224 16043 1552 10577 27385 15548 13313 12864 15915 18229 27060 18790 224 
sample-000717 14145 18339 12299 5808 27385 13364 
sample-000719 12584 27469 19518 27665 1201 16002 18341 18229 27066 27663 27050 18537 18341 
sample-000720 14145 29343 224 28585 1201 12299 11994 12186 27185 18229 14145 10567 225 15648 27340 
sample-000721 14145 29343 1169 224 224 
sample-000726 30166 21086 225 24331 18229 27050 8166 1201 27107 29546 27385 225 24680 3920 17596 
sample-000729 27050 29768 12234 16127 17506 
sample-000731 19938 8142 6620 
sample-000735 27050 3299 17713 1201 29343 18031 29958 27578 
sample-000740 24937 18229 27050 11682 1683 29343 9834 18229 27050 4930 8667 
sample-000745 3807 30170 11523 27385 15168 16417 1021 
sample-000747 30166 29278 26601 27158 18629 
sample-000748 955 30170 11523 27385 8046 14106 26617 27385 12551 
sample-000750 27050 29971 25123 16127 14967 14106 27050 3299 27185 
sample-000752 13053 8142 27136 14149 28913 9300 21508 18537 19398 25958 
sample-000755 4045 13053 23685 225 3000 2013 30166 18229 27050 15166 11334 1802 225 17292 12849 
sample-000758 13053 12758 24937 18229 27050 15465 16002 30166 24706 
sample-000759 27107 10647 224 27037 1552 29054 225 16768 1201 225 12027 2019 
sample-000760 24228 16417 24937 224 
sample-000764 9374 23698 28913 24305 
sample-000766 15292 11418 1201 12275 24937 15812 23141 27050 6624 16601 
sample-000771 27050 16565 10017 13951 1169 1241 7837 
sample-000780 12302 225 24379 25781 
sample-000782 28192 1201 27180 
sample-000785 13056 12982 29847 17439 9825 27050 224 1296 
sample-000787 18341 4045 13180 2043 27469 6327 29847 23226 29282 28585 11477 27050 25854 13313 27050 2409 26199 
sample-000789 27050 14152 11523 12444 29941 16983 28585 
sample-000790 1201 10200 18560 29614 27050 17597 26832 18259 
sample-000791 13053 1079 12275 2539 
sample-000792 18229 6304 27158 18356 21761 27050 23948 18229 27050 20663 
sample-000793 27074 29699 8046 30166 26266 12299 12234 225 224 3966 27037 
sample-000794 13056 1031 28669 27385 27050 29408 27134 1552 
sample-000801 224 28585 
sample-000803 27074 12299 8386 12586 25116 19682 28585 12586 14180 1201 4005 18560 13951 27050 22732 
sample-000809 30169 13313 15775 30166 27469 3807 27037 1517 23141 
sample-000811 13053 1084 17450 29670 17994 18229 27037 
sample-000815 15408 9370 15158 12299 23141 
sample-000827 1201 14145 11442 10567 30166 27469 
sample-000832 13057 11523 27050 19129 12453 
sample-000838 14145 3547 12586 12347 13951 12586 17274 
sample-000845 13053 8142 28304 29583 30169 26620 305 27050 7411 23141 
sample-000847 13053 23704 27066 10567 225 29485 
sample-000851 27107 10647 224 27037 1552 29054 225 16768 1201 225 12027 2019 
sample-000852 25956 13313 27921 
sample-000855 27050 3299 224 2560 6968 
sample-000856 14149 225 24158 26347 24091 14789 13576 305 224 5414 10858 225 3333 
sample-000860 27040 29699 13056 21209 
sample-000861 29673 30181 9950 11460 
sample-000865 27088 1552 16417 8744 10311 28585 27088 18031 
sample-000870 27050 1661 24215 5928 30166 1552 18560 10567 27050 6942 23642 2457 8220 224 
sample-000877 13127 13053 12275 27424 30166 30166 30000 12275 23704 27050 21102 
sample-000880 1201 12299 29357 224 17312 2730 
sample-000881 12299 17999 27050 28349 6087 18229 14165 26281 
sample-000891 14145 17713 26848 12444 
sample-000893 27050 2435 16417 15012 10567 225 15648 27340 19459 9348 30125 
sample-000909 29416 14789 27037 1201 29548 28669 27385 14145 
sample-000912 27050 17731 29343 4768 13313 27385 23341 27050 15165 
sample-000913 1201 27037 224 29740 26848 30166 27037 30181 27783 2857 10614 
sample-000926 28041 27050 845 5723 18336 17636 27385 1169 13414 10904 5921 
sample-000929 27040 27941 27050 3299 27185 
sample-000934 13053 30003 15548 13313 14145 1676 225 11291 
sample-000935 26848 30181 12347 1802 27050 9963 18229 26120 14106 29986 27029 27050 26120 14166 
sample-000936 3807 27111 24944 4761 
sample-000941 27469 2139 13053 4045 23685 27158 11934 10256 
sample-000946 18341 14106 15735 2510 18341 14106 15735 
sample-000950 1676 27050 26177 22887 27050 16565 2566 27385 2457 225 3299 
sample-000952 29583 8046 30166 16427 3838 27037 
sample-000953 11342 18356 27050 20961 26535 13313 27050 28913 12174 27385 5970 27385 27962 27037 18341 
sample-000955 29416 1036 25524 5941 27050 20229 18229 17296 2093 27385 5379 
sample-000956 27050 17713 4770 27107 224 
sample-000968 27050 24057 11994 27424 12551 27037 
sample-000969 30166 8142 12275 27385 1403 
sample-000972 27111 17710 224 27469 12299 29343 24471 17132 18299 
sample-000980 27107 23341 14149 8744 
sample-000981 27050 3299 27185 18229 224 
sample-000984 30166 13053 16427 30183 224 
sample-000985 10516 14106 17982 17439 9950 17408 224 
sample-000988 13053 29280 27066 3231 1628 
sample-000989 29416 16935 30166 16935 12280 225 10825 15408 30166 1201 13056 24828 12166 27050 4672 30166 11523 27385 4351 28585 
sample-000997 27105 1552 17982 224 
sample-001004 1457 27964 27385 27050 29831 16043 12299 21998 13951 26585 9379 12299 11994 23704 
sample-001011 18229 6304 27050 28105 29548 28200 27385 8046 1380 
sample-001016 17439 6954 11151 13313 15375 27385 23322 17439 4752 
sample-001020 6719 27050 17068 13056 1802 27050 18299 16043 12299 27185 
sample-001022 27088 29548 21339 29095 1201 24937 25016 18229 25929 1425 27385 2457 11446 18336 
sample-001024 27050 24758 224 10567 27050 23974 3647 28267 27050 5105 
sample-001027 14145 29343 225 19936 4544 10858 26620 27385 30166 24163 
sample-001032 3807 27107 29548 17982 27088 
sample-001033 8142 30166 14789 27088 1552 17819 14342 29202 10567 27158 11934 
sample-001036 224 27050 25808 9511 
sample-001038 27050 6493 18336 27050 20046 18257 1201 14106 13313 27037 
sample-001040 27050 3299 2566 773 27385 21501 12586 3154 27037 12299 29343 17852 15651 291 27385 5676 
sample-001045 25527 29847 12586 18790 
sample-001049 13053 29944 955 17794 1201 27330 6968 1201 224 9365 19711 18229 6624 13313 30181 24169 
sample-001050 3807 13053 29343 4098 2457 8299 13053 29343 25574 1036 11418 13951 2432 
sample-001057 13127 225 19513 14106 15559 18560 12586 7450 12299 14797 9379 12299 17636 27385 14789 
sample-001062 27107 23698 27385 15048 1802 12551 1201 12299 15196 2093 12586 12347 224 
sample-001063 224 30116 11340 773 3807 224 224 
sample-001065 30166 4046 11418 1364 9896 18341 18229 27066 23141 
sample-001066 13053 8142 2614 14145 
sample-001068 27050 3299 7611 14789 29583 27385 23341 
sample-001077 13053 12341 225 19298 12944 25024 10858 27050 19805 
sample-001080 27050 11934 27185 12299 29343 225 15811 1802 14986 1201 15915 1169 224 1844 27385 25756 12551 
sample-001084 18356 4857 6252 29197 21207 1676 15648 1676 27050 18540 
sample-001085 18031 1552 30166 224 
sample-001088 26111 12299 7755 1201 13053 6249 12339 18229 9798 224 2587 27050 29254 
sample-001093 27050 4192 29847 30181 224 23141 27050 25810 
sample-001098 30166 12275 2539 25761 16417 
sample-001111 27109 17710 15291 30166 11418 
sample-001116 23400 11808 18229 19396 29548 12996 10858 27050 7718 18229 224 
sample-001117 12299 11994 8154 27158 10567 30125 1201 14762 27050 23414 18229 9374 29669 19142 
sample-001120 27050 3761 10228 11994 2539 224 
sample-001126 15734 14106 27050 9826 10382 18651 30181 23240 
sample-001127 329 224 27037 224 16565 1552 10577 27385 15548 13313 12864 15915 18229 27060 18790 10331 
sample-001134 8220 2637 13313 27050 6925 29548 12965 18229 19396 24599 13313 19711 
sample-001135 1201 27074 26111 12299 17999 14145 29847 225 25520 
sample-001137 13053 23993 16002 28661 24937 13086 6637 
sample-001140 13053 12275 1802 27050 23208 8504 28085 12299 23141 
sample-001142 2510 30166 1552 27964 27385 21532 30181 7450 
sample-001150 3807 12805 27371 2874 3838 2874 
sample-001159 27050 27484 18229 27050 6777 29343 3838 26609 18336 12586 3078 
sample-001166 29537 16822 11470 14607 24464 27088 773 10567 27050 29489 13127 30166 29280 27385 5414 18651 
sample-001167 27037 17794 27088 29343 17994 224 18229 11127 10858 27050 7952 19855 
sample-001178 13053 4046 19938 9370 
sample-001182 13053 17624 30166 27385 2457 25199 28105 30125 12299 1703 16417 18560 27385 224 
sample-001185 224 18229 19266 27235 27050 26914 
sample-001186 27050 27340 17420 12275 2539 24967 1616 24471 18102 
sample-001188 28667 28105 12977 21250 27060 17450 
sample-001192 14145 27234 225 224 18229 3000 
sample-001200 27050 15542 11328 29282 27385 12275 225 2215 224 27469 24284 27385 1701 
sample-001203 30166 12339 18537 8583 
sample-001204 27050 224 18229 11092 4005 18560 27579 28661 
sample-001206 224 14106 13268 10567 28661 3807 24937 2137 8142 17625 27385 26622 
sample-001213 24828 28684 14577 20509 13749 18229 225 5095 14106 28667 
sample-001214 14149 1169 955 27050 765 18996 
sample-001215 1201 30166 4045 5676 1079 18336 27050 20484 29740 2457 225 12166 16043 
sample-001218 29583 14106 12299 23332 27066 29783 27088 18336 27050 11800 1288 19650 4005 27385 12586 16810 
sample-001219 29583 225 26955 27131 27385 23341 
sample-001221 3807 18031 27050 25029 13709 11994 25759 
sample-001222 12299 17286 305 14024 3807 9374 6249 12339 12551 
sample-001225 27040 27050 29408 14145 1079 14106 23141 27050 18299 16043 
sample-001227 13053 27136 12299 24902 27060 2786 12982 27037 18031 13053 23685 12874 27037 16748 2457 224 
sample-001231 29419 21866 10858 27050 27921 29337 1201 29416 17624 17086 30169 27050 10144 23141 
sample-001246 762 955 27050 8091 29280 27385 18668 30166 4522 1201 457 11692 12395 
sample-001249 27107 15662 10567 27050 9832 16268 3807 10690 17994 
sample-001263 27050 3304 17501 29343 224 
sample-001272 9365 23608 2576 29847 2573 15775 
sample-001273 12874 305 27037 18341 27088 
sample-001275 7607 30166 9360 29242 27385 12586 18254 
sample-001279 13053 10825 3250 955 27050 18537 24057 13199 
sample-001280 27050 3299 29343 26111 12166 27385 2457 27088 1802 27050 29296 
sample-001282 30166 14789 13053 26848 30166 13127 13053 11994 14145 
sample-001293 9374 14106 14500 25491 3838 27050 3649 29202 27385 11272 13313 
sample-001296 25808 13175 19154 27234 17439 16810 
sample-001301 12302 27964 27385 27785 30166 773 
sample-001302 14149 225 3970 23141 27050 3299 225 2874 7759 
sample-001303 26848 30181 12347 27037 27050 9963 18229 26120 14106 29986 27029 27050 26120 14166 
sample-001306 27088 1552 16565 18229 27050 7411 1201 27050 224 
sample-001307 13053 2730 23685 29583 14106 28585 27385 
sample-001316 14145 29343 25514 1201 13053 9608 27050 24480 18229 27050 224 27385 12444 
sample-001317 13053 8142 29280 1380 10567 17450 
sample-001319 17710 11340 28585 
sample-001325 9459 3807 13053 10690 27050 7641 27385 11272 27385 29944 12299 6227 18229 27050 14009 
sample-001328 27040 29583 30169 8102 
sample-001331 30168 2457 27050 6263 18229 27050 18130 
sample-001333 14145 14106 27050 224 1201 9240 19711 27037 13053 27136 
sample-001335 224 30166 17710 5414 18947 12118 1616 12453 
sample-001336 12874 29343 224 15408 30166 1201 6628 
sample-001340 29669 14106 14145 10858 
sample-001342 17312 2730 23141 27050 18299 16043 
sample-001345 13056 11473 25398 
sample-001349 17202 14500 27050 12358 18229 27180 29669 1552 27964 27385 21532 27111 224 
sample-001354 27050 17766 29343 29305 1201 13053 29343 27151 
sample-001358 13053 1084 20887 18229 30181 12299 23141 
sample-001359 14145 29343 18356 18341 13053 11523 27158 5153 27385 14145 3807 27050 25808 224 18229 14145 29343 225 27436 9387 27385 16417 
sample-001361 1201 13056 11446 27385 2457 955 27134 
sample-001364 27050 27131 14166 29343 1018 9130 3748 13313 23226 
sample-001365 24404 27050 16865 11994 23107 9379 27385 12586 7450 27050 18299 16043 7060 27385 2515 14040 
sample-001367 27050 27131 14166 29343 1018 9130 3748 13313 23226 
sample-001368 14370 10567 17439 18790 9589 224 13057 17462 13053 4045 3929 508 27037 13313 224 9365 6971 6033 
sample-001372 13127 29416 23892 26511 13313 6624 27050 24169 14106 11446 27385 9578 
sample-001381 14145 29343 14500 30046 2457 9090 27385 8617 
sample-001388 14145 14106 13058 27050 3299 1293 
sample-001390 27111 17982 17439 24057 1372 12299 23141 27385 12558 29860 16935 27037 30166 
sample-001394 12299 29282 10567 29537 14577 2837 18229 14145 224 224 29859 24457 
sample-001395 1201 27074 12299 19416 14145 28913 24664 
sample-001396 12611 27050 7668 1201 9242 7607 17994 
sample-001398 12874 15648 30000 26601 27385 11272 12551 10567 24937 13809 
sample-001401 27107 29548 16565 18229 27050 7411 1201 27107 29548 9967 18229 25016 18229 224 
sample-001405 13053 11994 225 9798 17287 28267 17439 10008 
sample-001406 12434 25751 28585 29847 225 25079 13313 12586 12081 
sample-001408 18356 29416 3966 27050 17558 
sample-001410 12874 27107 16565 24042 13307 1696 24182 17997 24044 17710 14789 
sample-001426 27050 3299 29343 23990 29847 9963 3807 27050 224 12418 12551 18560 18229 27050 26914 
sample-001427 14145 15662 15408 225 23053 11127 10398 
sample-001433 15292 11418 1201 12275 24937 15812 23141 27050 6624 16601 
sample-001437 27050 24175 9459 10567 27050 24480 13053 1079 29282 27385 2457 
sample-001444 24828 12874 29416 17501 1079 12993 
sample-001450 13053 12341 27050 14667 12444 12944 25024 10858 27050 19805 
sample-001453 27037 25029 15408 27111 224 
sample-001455 1201 24828 27050 29146 
sample-001456 27050 23355 17013 18229 27050 1545 19855 23275 1802 27050 4462 18229 27050 5744 22858 
sample-001459 17439 14619 14106 10164 29847 8509 
sample-001461 27158 16043 27385 27449 17287 6227 30166 10671 
sample-001464 14149 225 5261 23141 27050 3299 13053 2720 7759 
sample-001467 27040 225 11477 13100 
sample-001469 24937 29546 2019 29633 13053 29343 27088 1201 18537 19396 4005 
sample-001475 29673 11523 27050 22858 17757 27385 12470 
sample-001477 29583 12730 10567 30166 8102 
sample-001479 14145 15665 15408 225 23053 11127 10398 
sample-001480 24956 13709 27050 6777 29343 28531 27050 27484 
sample-001484 27074 225 16043 1485 
sample-001488 3807 29614 1552 27050 12864 
sample-001489 14106 14145 14500 2498 
sample-001492 14145 224 
sample-001493 27050 3299 29282 27385 26601 12444 12081 
sample-001494 13053 11994 27050 9374 12234 224 224 26816 8310 773 
sample-001496 27050 23208 12081 27037 11994 225 224 27385 27050 24902 224 1201 29847 
sample-001499 30166 7611 12275 27385 8046 1364 5062 12299 23141 
sample-001500 14500 28667 27050 19629 
sample-001511 13053 8142 29280 1380 10567 17450 
sample-001515 12299 19682 28585 27050 28105 25749 1201 21086 27066 2093 13313 12586 224 
sample-001517 30166 4045 224 24828 27037 30166 6249 15153 305 30181 8314 23141 27050 18299 29885 
sample-001519 13053 29343 23385 3807 29362 17852 27340 13313 11446 18560 1201 6559 27050 3449 27385 27050 23226 19817 
sample-001520 27050 224 22377 29847 225 17853 
sample-001529 13053 29280 27385 8046 29583 13053 29280 27385 8046 
sample-001537 1201 27050 14873 17462 17852 21372 12444 10858 27050 
sample-001549 1201 12299 15662 18560 18651 27050 7411 27037 11994 3547 12551 27385 27050 29885 12299 15735 
sample-001553 30166 8142 12275 27385 24698 27050 29971 
sample-001554 29613 27050 27131 18167 18341 6249 10200 225 5812 29847 12586 9589 18229 27050 17068 
sample-001556 9374 23700 28913 23141 
sample-001558 224 30166 11477 15775 10567 26882 30125 
sample-001561 12299 7611 17624 27385 29984 305 27037 22661 18031 
sample-001562 1802 10256 5024 29343 10003 17982 28913 9477 
sample-001563 24042 17420 12275 14796 927 20540 29537 
sample-001564 955 29669 29546 27088 29548 12166 1802 12280 8154 24828 
sample-001567 12299 25751 224 10567 225 17068 1201 27074 23518 18560 18229 27050 19805 
sample-001568 29420 2539 9983 2637 16417 24828 15648 29416 11282 28669 27385 
sample-001575 15291 16417 5666 30181 12009 
sample-001578 224 27050 9852 14106 224 
sample-001580 1201 27040 29583 27107 15408 27385 14789 
sample-001581 27050 3299 29343 23990 29847 9963 27037 27050 224 27424 12551 18560 18229 27050 26914 
sample-001593 30166 2730 25520 22661 18031 
sample-001596 30166 30166 24315 1380 
sample-001599 27088 29548 4493 18229 27066 29669 27472 225 2874 15651 27385 224 
sample-001600 11340 16417 17439 22761 
sample-001606 29670 30166 23341 14145 29343 
sample-001611 12275 30166 1364 13100 29847 27105 27134 6216 18651 12453 
sample-001612 224 6493 
sample-001614 3807 4761 1079 23700 27385 2457 291 27385 19904 29847 27066 29860 10837 27066 
sample-001618 13053 8142 23685 225 27131 
sample-001620 14149 225 5261 23141 27050 3299 225 2874 7759 
sample-001624 27037 10256 6971 9374 24608 10858 9526 13383 27050 224 
sample-001625 27050 224 12278 9390 15660 305 28192 
sample-001629 27050 3299 10029 13145 13313 224 
sample-001630 3807 27050 3299 14762 27037 12299 29343 21814 27385 224 
sample-001631 16366 30166 773 27158 18341 
sample-001634 29583 29343 30053 18336 27050 224 27050 3299 29282 27385 14789 
sample-001638 17439 10790 225 5934 9090 10567 224 
sample-001650 12874 15648 14106 14145 
sample-001651 12874 16127 27347 9374 225 224 
sample-001656 12299 7060 27385 25574 22661 27088 1201 29197 12586 22498 
sample-001659 27040 29583 13053 8046 
sample-001665 14145 29343 8387 18269 10317 1201 21332 8220 18336 27050 23226 
sample-001673 27050 9053 22743 1676 27050 22786 15552 7607 14149 20359 4202 28585 13951 27050 1818 
sample-001675 8220 2637 13313 224 29548 12965 18229 19396 24599 1201 19711 
sample-001682 1201 24828 8046 13053 
sample-001684 25808 13175 19154 27234 17439 16810 
sample-001691 27050 224 1703 13127 27111 18336 1364 6903 
sample-001694 29583 225 29900 29447 
sample-001695 12874 8046 30166 25756 27158 27131 
sample-001699 27050 224 30125 17595 14881 18170 27050 10228 27037 224 
sample-001705 27074 13053 8142 11272 18892 
sample-001709 224 10540 
sample-001710 3807 12299 11994 27385 17284 18336 
sample-001711 13053 29343 13232 27385 23685 14145 18374 
sample-001712 3807 27040 224 19832 3838 18540 1201 15375 29546 18336 
sample-001713 224 4966 18336 27050 16043 
sample-001720 27050 3304 17501 29343 24937 224 
sample-001721 27158 14106 10567 30166 
sample-001723 30166 8129 27180 12798 224 29847 27050 29408 30166 15662 1802 27066 12299 23141 
sample-001724 27050 224 11994 27424 12558 
sample-001726 29416 17420 25574 12503 
sample-001728 12874 7607 30166 12156 27385 9829 1170 
sample-001730 13127 30166 25520 30181 224 29847 11727 1364 2457 27050 10256 27385 29526 30166 27385 8597 
sample-001731 13127 13053 6249 13053 3547 12907 8998 14500 305 27050 29941 15775 1201 224 
sample-001733 27088 29548 15404 13313 27050 28612 29777 18229 27050 12864 29610 27050 19396 29280 27385 2518 
sample-001738 27074 26111 12299 17999 14145 29847 225 25520 
sample-001741 14149 25692 25002 29566 
sample-001746 17439 23932 30119 22433 11092 14106 16185 17982 8401 
sample-001750 12874 15648 24404 29416 23704 8570 18537 
sample-001758 13053 12275 1031 7405 27050 1423 18229 27037 224 3154 29630 29343 224 13313 27050 11800 
sample-001759 30166 12275 27385 6556 27050 9129 26167 225 7411 23141 27050 30173 16043 
